11:45:37,-1,0,84,72,65,62,62,66,74,84,98,118,142,168,195,219,239,251,255,249,237,219,199,179,159,141,126,115,104,93;
11:45:37,-1,0,77,63,58,55,56,60,66,75,87,105,127,153,179,206,230,247,255,253,243,226,205,182,160,140,123,110,97,85;
11:45:37,-1,0,129,119,113,109,108,112,119,130,144,163,184,205,225,240,251,255,251,242,228,212,197,182,169,158,151,146,140,134;
11:45:37,-1,0,85,74,68,66,67,73,82,95,113,136,162,189,213,234,249,255,251,240,223,202,180,160,141,125,113,105,98,90;
11:45:37,-1,0,87,75,68,65,66,71,81,93,110,133,159,186,212,234,249,255,250,238,220,198,176,156,139,124,114,107,100,92;
11:45:37,-1,0,74,61,52,47,47,51,59,70,86,108,136,165,195,223,244,254,255,245,227,204,180,157,138,122,110,102,94,84;
11:45:37,-1,0,76,66,61,58,59,64,72,83,97,117,141,167,194,218,239,251,255,250,237,218,197,175,155,135,120,108,97,86;
11:45:37,-1,0,82,72,64,60,60,65,73,85,102,125,151,179,205,228,246,255,254,246,231,212,191,171,152,135,122,112,102,92;
11:45:37,-1,0,83,73,66,62,62,66,73,83,97,116,140,165,191,215,236,249,255,252,242,227,208,189,169,150,134,120,108,95;
11:45:37,-1,0,132,115,106,100,98,99,104,113,125,141,161,183,204,224,241,251,255,251,242,229,214,199,185,173,163,155,146,136;
11:45:37,-1,0,78,77,78,82,89,98,107,117,129,145,166,188,210,230,246,255,254,245,228,205,181,158,136,117,104,95,88,83;
11:45:37,-1,0,80,72,66,63,64,71,81,95,113,137,165,192,218,238,252,255,248,234,214,191,168,148,130,115,105,99,93,87;
11:45:37,-1,0,112,108,110,115,123,135,147,162,177,195,213,229,243,251,255,251,242,227,209,189,170,153,138,125,117,112,109,108;
11:45:37,-1,0,97,91,86,84,86,93,104,119,138,161,186,210,231,247,255,252,242,225,204,182,161,143,128,117,110,106,104,100;
11:45:37,-1,0,85,78,73,70,72,79,90,106,127,153,180,207,230,246,255,252,242,224,202,178,156,136,120,107,99,95,92,89;
11:45:37,-1,0,141,133,128,124,124,127,132,141,152,167,185,203,221,237,249,255,254,247,235,220,205,190,177,166,159,155,151,146;
11:45:37,-1,0,63,59,58,60,66,77,90,105,123,146,171,196,219,238,251,255,250,238,219,196,173,150,128,108,94,83,75,68;
11:45:37,-1,0,104,95,89,86,86,92,101,115,132,155,181,206,228,245,254,255,246,231,212,191,171,154,139,127,120,116,112,108;
11:45:37,-1,0,99,83,78,76,77,84,94,107,124,146,171,197,220,239,251,255,249,236,217,196,175,155,138,124,115,108,103,97;
11:45:37,-1,0,110,102,95,92,92,97,105,117,133,153,176,199,220,238,250,255,252,243,229,212,194,178,163,149,139,132,125,118;
11:45:37,-1,0,69,63,58,56,59,66,76,90,108,131,158,185,211,233,249,255,252,241,223,201,179,157,136,118,105,95,86,78;
11:45:37,-1,0,84,76,72,71,73,80,90,102,118,139,164,189,213,234,249,255,251,241,223,202,181,160,141,124,113,104,97,89;
11:45:37,-1,0,99,76,72,71,74,80,88,99,112,131,154,178,204,227,245,255,254,245,228,205,182,160,140,123,112,105,98,91;
11:45:37,-1,0,91,76,66,60,58,60,66,75,89,109,134,160,187,213,235,249,255,252,243,229,212,194,176,158,143,130,117,103;
11:45:37,-1,0,73,67,63,63,66,72,79,88,100,118,139,163,187,211,233,247,255,253,245,229,209,187,165,143,125,110,96,84;
11:45:37,-1,0,79,67,59,55,54,57,62,71,84,103,126,153,181,207,231,247,255,253,244,229,210,189,169,149,133,119,106,92;
11:45:37,-1,0,89,80,74,71,72,77,85,97,113,133,157,182,205,227,244,253,255,249,236,219,199,179,160,143,129,118,109,99;
11:45:37,-1,0,105,90,81,75,73,76,84,97,114,136,163,190,215,236,250,255,250,238,221,200,181,163,147,135,127,121,116,109;
11:45:37,-1,0,79,72,69,69,72,79,87,98,112,131,153,176,200,222,240,251,255,250,239,221,201,180,159,139,123,110,98,88;
11:45:37,-1,0,78,67,60,56,56,61,69,80,96,118,144,172,199,224,243,253,255,248,234,215,195,175,155,137,122,111,100,88;
11:45:37,-1,0,89,80,74,71,73,78,87,99,115,136,160,186,210,231,247,255,254,246,231,213,193,174,156,139,126,115,106,97;
11:45:37,-1,0,89,80,76,75,77,81,87,94,103,118,137,160,185,211,233,249,255,251,239,220,198,177,157,140,127,117,108,98;
11:45:37,-1,0,99,94,93,95,101,111,124,140,157,178,199,220,237,249,255,251,240,223,201,179,158,141,127,116,110,106,104,101;
11:45:37,-1,0,85,67,60,57,58,63,71,83,99,119,144,169,195,218,238,250,255,251,241,225,206,186,165,146,129,115,103,90;
11:45:37,-1,0,89,81,75,73,73,78,85,94,108,126,149,173,198,221,240,251,255,250,239,222,203,183,164,146,132,120,110,99;
11:45:37,-1,0,128,117,110,106,104,107,112,119,130,145,164,184,205,224,241,251,255,251,242,228,213,197,182,169,159,151,143,134;
11:45:37,-1,0,60,51,46,44,46,53,63,76,93,116,144,174,202,228,246,255,252,241,222,198,173,149,127,109,95,86,77,69;
11:45:37,-1,0,94,84,76,71,71,75,84,97,115,139,166,193,217,238,251,255,249,237,219,198,179,160,144,131,122,115,110,103;
11:45:37,-1,0,86,75,66,61,59,62,67,76,88,107,131,157,184,211,233,248,255,252,243,228,210,191,172,154,139,126,114,100;
11:45:37,-1,0,116,108,103,100,99,102,107,113,124,139,158,180,202,224,241,252,255,250,238,222,204,186,170,155,145,138,131,123;
11:45:37,-1,0,81,69,60,55,54,56,61,68,80,97,120,147,175,203,229,246,255,253,244,228,209,189,169,151,136,123,110,96;
11:45:37,-1,0,80,69,62,58,58,63,70,80,94,114,139,165,192,217,238,250,255,250,239,221,202,181,161,143,128,115,103,91;
11:45:37,-1,0,65,56,50,48,49,54,61,70,84,104,128,154,182,208,232,247,255,253,243,226,205,183,160,137,119,103,90,77;
11:45:37,-1,0,80,71,64,60,60,65,73,85,101,123,150,177,203,227,245,254,255,247,232,213,193,172,153,136,122,111,101,91;
11:45:37,-1,0,77,68,62,59,60,64,71,81,94,113,137,162,187,212,233,248,255,253,245,230,211,191,170,149,131,116,102,89;
11:45:37,-1,0,90,77,70,66,66,69,74,81,92,109,131,156,182,209,232,248,255,252,241,224,204,183,164,146,133,121,110,99;
11:45:37,-1,0,81,67,57,50,48,49,53,60,72,90,113,138,165,193,218,238,250,255,251,241,226,209,190,169,151,134,116,99;
11:45:37,-1,0,80,67,57,51,50,52,58,67,82,102,128,156,184,212,235,249,255,252,241,225,207,187,168,149,134,120,107,93;
11:45:37,-1,0,110,67,59,55,55,59,66,77,92,113,138,166,195,221,242,253,255,247,233,213,192,171,152,135,122,111,101,89;
11:45:37,-1,0,110,106,101,98,98,102,110,123,140,162,187,210,231,246,255,254,246,232,214,194,175,157,141,128,120,117,115,114;
11:45:37,-1,0,146,144,144,146,151,157,165,173,183,195,209,223,236,246,253,255,252,245,235,223,211,200,190,180,172,165,158,151;
11:45:37,-1,0,69,65,61,60,63,69,79,91,107,129,154,181,207,230,247,255,253,243,226,203,180,157,136,117,104,94,87,79;
11:45:37,-1,0,66,54,44,39,38,41,46,56,70,90,116,146,176,205,231,248,255,252,240,222,201,178,157,137,122,108,95,81;
11:45:37,-1,0,100,88,85,85,88,94,103,115,129,148,170,193,215,235,249,255,253,243,228,209,189,169,151,135,123,115,107,100;
11:45:37,-1,0,85,68,60,56,55,61,70,83,100,124,151,180,206,230,247,255,253,244,228,207,186,165,147,130,117,108,99,89;
11:45:37,-1,0,75,61,56,54,56,63,72,85,101,124,150,177,204,228,246,255,254,245,229,207,185,162,141,122,108,97,88,79;
11:45:37,-1,0,106,81,77,77,81,89,99,111,126,145,167,190,213,233,248,255,253,243,226,205,183,162,144,127,116,107,100,93;
11:45:37,-1,0,84,70,65,64,66,73,83,95,111,133,158,184,209,231,247,255,253,243,226,204,182,161,141,123,111,102,94,86;
11:45:37,-1,0,72,56,50,47,49,55,64,76,93,116,142,170,198,222,242,253,255,248,234,213,191,168,146,126,110,98,87,76;
11:45:37,-1,0,81,73,67,65,67,72,81,92,107,128,152,179,204,227,245,255,254,246,230,209,186,165,145,128,116,107,99,90;
11:45:37,-1,0,84,75,69,67,67,73,81,93,109,130,155,180,205,227,244,254,255,248,234,216,195,175,156,138,124,113,103,93;
11:45:37,-1,0,94,91,91,95,101,108,116,124,134,148,165,184,204,223,240,251,255,250,239,222,202,181,162,143,129,118,108,100;
11:45:37,-1,0,91,86,85,86,91,99,108,119,134,152,173,195,216,235,248,255,253,243,228,207,185,164,145,129,117,109,103,97;
11:45:37,-1,0,76,73,71,72,77,87,100,116,136,160,186,212,233,248,255,250,237,216,191,164,141,120,104,91,84,81,80,79;
11:45:37,-1,0,84,74,69,66,68,75,84,97,113,136,161,188,213,235,250,255,250,236,216,192,168,146,128,113,104,99,95,89;
11:45:37,-1,0,87,81,78,78,81,88,98,111,127,147,171,195,218,237,250,255,250,237,218,196,173,152,134,118,108,102,97,92;
11:45:37,-1,0,103,98,97,98,102,109,117,127,139,156,176,198,218,236,249,255,252,242,226,206,186,167,150,134,124,117,111,106;
11:45:37,-1,0,96,87,80,76,76,80,87,97,111,130,155,180,206,229,246,255,253,243,226,205,184,164,147,133,124,118,112,105;
11:45:37,-1,0,97,88,83,81,83,90,101,115,132,154,177,201,222,239,251,255,251,240,224,204,184,165,148,133,123,116,110,103;
11:45:37,-1,0,94,80,75,72,74,82,94,109,128,152,178,204,227,244,254,255,245,229,207,182,160,140,123,110,102,99,96,92;
11:45:37,-1,0,88,82,77,76,78,84,93,104,119,139,163,189,213,233,248,255,252,241,225,204,183,163,145,128,117,109,102,95;
11:45:37,-1,0,87,81,78,78,82,91,101,114,130,150,174,198,220,239,251,255,249,237,218,196,174,153,134,119,108,101,96,91;
11:45:37,-1,0,104,93,87,84,84,89,95,104,118,136,158,182,205,227,244,253,255,248,236,220,203,186,169,153,140,130,121,112;
11:45:37,-1,0,89,86,84,85,89,97,106,117,131,150,173,196,218,237,250,255,250,238,219,198,176,155,137,122,111,105,100,95;
11:45:37,-1,0,101,97,98,101,108,118,130,144,159,178,198,217,233,246,253,255,250,240,227,212,196,181,165,148,134,123,113,106;
11:45:37,-1,0,89,83,79,77,79,86,96,109,126,147,172,196,219,238,251,255,249,236,216,193,170,149,132,117,109,104,100,96;
11:45:37,-1,0,98,96,96,99,105,116,129,144,161,181,202,222,238,250,255,251,240,224,203,182,162,145,130,117,109,105,102,99;
11:45:37,-1,0,92,94,98,105,115,129,143,158,175,194,214,231,245,254,255,247,233,214,192,170,150,132,117,105,97,93,91,91;
11:45:37,-1,0,82,79,78,80,85,94,103,115,129,149,172,195,217,236,249,255,252,241,224,203,182,160,140,122,110,100,94,88;
11:45:37,-1,0,110,105,102,101,104,110,119,129,143,161,181,202,222,238,250,255,252,242,227,209,191,174,157,143,133,126,121,115;
11:45:37,-1,0,101,96,93,93,97,104,113,123,137,154,175,197,218,236,249,255,252,242,226,206,186,167,149,135,125,118,113,107;
11:45:37,-1,0,60,53,52,55,62,73,85,98,114,135,159,184,208,229,246,255,254,244,226,201,175,149,125,104,89,79,71,64;
11:45:37,-1,0,103,98,95,95,98,105,113,123,136,153,173,195,215,233,248,255,254,245,229,210,189,169,150,135,125,118,113,108;
11:45:37,-1,0,106,99,94,93,95,100,108,117,129,147,167,189,211,231,246,254,255,247,233,214,194,175,157,142,132,125,119,112;
11:45:37,-1,0,114,105,98,95,95,99,104,112,122,137,156,177,200,221,240,251,255,250,238,220,201,183,167,153,144,137,130,122;
11:45:37,-1,0,120,110,107,107,109,116,125,137,152,170,192,213,232,246,255,254,247,233,214,193,174,156,141,130,123,120,118,116;
11:45:37,-1,0,102,96,93,92,95,101,110,122,136,155,178,201,222,240,251,255,249,236,218,196,175,155,138,124,116,112,108,105;
11:45:37,-1,0,142,133,131,131,134,139,147,156,167,182,199,216,231,244,252,255,251,244,232,218,205,192,179,167,158,151,146,140;
11:45:37,-1,0,111,104,99,96,97,101,107,115,126,141,159,179,198,218,235,248,255,254,248,235,219,201,184,166,153,141,131,121;
11:45:37,-1,0,95,86,81,79,80,85,93,103,117,136,159,183,207,228,245,254,255,247,234,216,198,179,162,145,132,122,113,103;
11:45:37,-1,0,118,118,120,125,131,139,147,156,166,180,196,213,229,243,252,255,250,239,223,205,186,168,151,137,128,123,120,118;
11:45:37,-1,0,139,108,130,177,237,255,231,189,153,147,167,193,217,239,237,212,186,168,164,183,212,229,224,192,153,134,129,128;
11:45:37,-1,0,155,92,71,72,92,115,125,121,104,71,53,57,77,118,174,195,183,150,115,95,94,106,132,177,223,255,252,213;
11:45:37,-1,0,135,75,96,162,240,255,208,144,92,67,67,64,59,73,138,197,230,230,206,175,152,129,108,105,141,188,209,183;
11:45:37,-1,0,132,111,134,189,247,255,222,176,134,96,70,56,58,95,168,206,212,197,178,188,208,218,210,188,179,187,189,172;
11:45:37,-1,0,94,97,124,155,170,141,89,47,32,39,46,51,66,105,171,224,253,255,241,223,200,180,165,146,134,134,135,122;
11:45:37,-1,0,82,61,73,92,104,99,86,77,78,90,101,102,95,96,125,160,197,227,251,255,246,238,232,221,206,185,152,109;
11:45:37,-1,0,90,115,150,179,180,136,98,69,57,83,120,150,166,165,152,144,164,207,254,255,228,188,154,144,140,130,111,90;
11:45:37,-1,0,143,78,71,109,163,160,122,102,111,120,101,97,126,194,255,244,207,172,164,174,174,167,152,119,112,143,182,193;
11:45:37,-1,0,91,72,100,142,170,145,99,74,85,119,141,142,129,128,161,190,211,227,244,255,246,226,198,155,143,149,144,116;