13:31:44,-1,0,163,182,205,225,241,251,255,252,243,230,213,195,177,157,139,124,111,100,90,81,74,70,70,74,83,96,113,133;
13:31:44,-1,0,172,197,219,237,250,255,252,243,229,210,190,169,149,129,111,98,88,80,74,68,65,64,67,75,87,103,122,145;
13:31:44,-1,0,160,176,199,221,238,250,255,252,242,227,208,187,166,146,127,112,100,90,81,74,69,67,68,74,82,94,109,128;
13:31:44,-1,0,198,215,228,239,246,252,255,254,249,241,229,215,197,178,158,141,127,116,108,103,103,105,111,120,132,146,162,179;
13:31:44,-1,0,200,219,233,244,251,255,254,249,239,226,211,194,176,157,139,124,113,104,98,96,97,100,108,118,132,147,164,182;
13:31:44,-1,0,214,227,239,247,252,255,254,251,246,240,234,227,218,205,190,175,160,145,132,123,117,116,119,127,140,156,174,193;
13:31:44,-1,0,220,232,242,249,252,255,254,251,245,237,227,216,203,188,172,158,146,135,127,122,120,121,127,136,150,166,183,200;
13:31:44,-1,0,205,221,233,242,248,252,255,254,252,246,239,228,214,196,175,156,138,124,112,105,102,104,109,118,131,147,165,184;
13:31:44,-1,0,175,191,207,221,234,245,252,255,252,243,229,212,191,169,147,128,113,101,92,88,88,92,98,107,119,130,143,157;
13:31:44,-1,0,164,183,202,220,235,246,253,255,251,241,228,211,190,166,140,118,100,85,74,68,66,68,74,83,94,107,122,140;
13:31:44,-1,0,169,185,199,211,221,233,242,249,254,255,251,242,227,206,182,159,137,118,102,92,87,87,90,96,106,119,133,150;
13:31:44,-1,0,164,182,199,213,227,238,247,252,255,253,248,239,225,207,184,163,143,124,108,97,90,87,89,93,102,113,127,144;
13:31:44,-1,0,163,181,200,217,232,244,252,255,253,247,238,225,210,192,172,154,138,123,108,96,88,83,82,86,94,106,121,139;
13:31:44,-1,0,179,192,202,210,217,227,235,243,249,253,255,252,245,232,216,199,181,163,146,132,122,116,114,116,124,136,150,165;
13:31:44,-1,0,176,185,199,211,223,234,244,251,255,254,248,238,224,206,185,166,148,132,118,107,101,99,100,105,113,124,137,152;
13:31:44,-1,0,207,214,227,237,245,250,253,255,254,250,243,232,218,200,180,162,147,134,125,119,117,117,120,126,136,149,163,180;
13:31:44,-1,0,198,214,228,240,248,253,255,253,248,241,232,221,208,191,173,157,143,131,121,115,113,114,117,125,135,148,162,178;
13:31:44,-1,0,211,225,238,247,252,255,253,249,243,235,228,222,215,207,198,190,181,172,161,151,143,137,136,139,148,160,175,192;
13:31:44,-1,0,211,215,221,225,230,235,240,245,249,252,255,254,248,237,221,202,183,166,153,145,143,145,150,158,168,178,188,198;
13:31:44,-1,0,185,199,212,224,234,244,251,254,255,250,243,232,217,198,178,160,144,131,121,114,112,113,117,124,134,144,156,169;
13:31:44,-1,0,210,220,227,232,237,242,247,251,254,255,253,249,240,226,209,190,173,156,143,135,133,134,139,147,158,171,184,197;
13:31:44,-1,0,176,188,206,221,233,244,251,254,255,251,243,232,216,197,175,155,136,119,105,93,86,83,83,88,98,111,127,146;
13:31:44,-1,0,204,210,218,224,230,237,244,249,253,255,253,248,239,225,209,193,177,163,152,144,141,141,143,148,157,166,177,188;
13:31:44,-1,0,215,221,225,227,229,233,238,243,248,252,255,253,247,237,222,205,189,173,160,151,147,146,149,155,165,177,190,202;
13:31:44,-1,0,182,194,206,216,226,236,244,251,254,255,251,244,232,216,196,176,158,142,128,120,116,116,119,125,133,143,154,167;
13:31:44,-1,0,210,217,219,220,221,224,229,235,241,247,252,255,253,247,238,227,217,206,195,187,180,176,174,174,179,186,195,204;
13:31:44,-1,0,201,206,209,211,215,221,229,238,246,252,255,252,244,230,210,189,170,153,140,134,134,138,145,154,164,174,184,192;
13:31:44,-1,0,172,190,207,221,233,244,251,254,255,250,242,229,212,192,168,146,127,110,95,86,81,79,82,89,100,114,130,149;
13:31:44,-1,0,144,162,181,199,215,231,243,251,255,253,246,234,216,193,168,144,123,104,89,78,72,70,72,76,83,93,106,122;
13:31:44,-1,0,158,168,181,193,206,220,232,243,251,255,253,245,231,212,190,168,148,131,116,106,101,100,101,105,111,119,129,140;
13:31:44,-1,0,134,148,162,178,194,212,228,241,251,255,252,243,228,208,185,162,142,124,110,102,98,98,100,102,105,109,115,123;
13:31:44,-1,0,140,158,177,197,216,233,246,254,255,248,235,218,196,172,148,128,111,97,85,78,74,75,78,84,91,99,109,122;
13:31:44,-1,0,153,164,179,194,208,222,234,245,252,255,252,244,230,210,185,160,136,116,98,87,80,78,79,83,91,100,113,128;
13:31:44,-1,0,149,165,180,194,208,223,236,246,253,255,249,237,218,193,164,138,116,97,84,77,76,78,83,89,97,107,118,132;
13:31:44,-1,0,147,166,183,200,216,231,243,251,255,251,241,225,203,177,149,124,103,86,73,66,65,67,73,80,90,100,113,128;
13:31:44,-1,0,140,158,176,192,209,225,239,249,255,254,248,235,217,194,169,147,126,109,93,82,76,73,74,77,83,93,105,121;
13:31:44,-1,0,158,171,185,199,214,228,241,250,255,252,243,228,208,183,157,133,114,99,89,85,87,91,98,106,114,122,131,142;
13:31:44,-1,0,167,173,185,198,210,225,237,247,253,255,251,242,229,212,192,173,156,140,126,116,110,108,108,112,118,125,135,146;
13:31:44,-1,0,134,146,161,175,191,209,226,240,250,255,251,241,223,199,171,145,122,103,89,82,80,81,85,89,94,100,107,118;
13:31:44,-1,0,255,145,142,142,142,141,140,139,138,136,135,133,131,130,129,129,129,129,130,131,133,134,136,138,139,140,141,141;
13:31:44,-1,0,255,172,175,178,181,185,188,191,193,195,196,196,196,194,191,188,185,181,178,174,171,169,167,166,166,166,167,168;
13:31:44,-1,0,255,237,241,245,248,250,251,251,250,249,246,243,239,236,232,228,225,222,219,218,216,216,216,217,219,221,225,229;
13:31:44,-1,0,255,196,196,196,197,198,200,201,202,203,203,204,204,204,205,205,205,204,204,204,203,202,201,200,199,198,197,196;
13:31:44,-1,0,255,205,205,206,208,209,210,211,212,213,213,213,213,213,213,212,211,210,209,208,207,205,204,203,202,201,201,202;
13:31:44,-1,0,255,231,233,235,237,239,241,243,245,246,248,249,249,250,250,250,249,247,246,243,241,238,235,233,231,230,229,229;
13:31:44,-1,0,255,141,139,138,137,136,136,137,138,140,142,145,147,150,152,155,156,158,158,159,158,157,156,154,152,150,148,145;
13:31:44,-1,0,255,148,148,148,147,146,144,143,142,140,139,138,137,136,136,136,137,137,139,140,141,143,144,146,147,147,148,149;
13:31:44,-1,0,255,223,223,224,225,225,225,224,222,220,217,215,212,209,206,204,202,200,200,200,201,202,204,207,209,212,215,217;
13:31:44,-1,0,255,209,215,220,223,225,225,223,220,215,209,202,195,187,180,174,169,165,163,162,162,164,168,172,177,183,190,196;
13:31:44,-1,0,255,208,211,213,216,217,219,220,220,220,219,218,216,213,210,207,203,200,197,195,193,192,192,193,195,197,199,202;
13:31:44,-1,0,255,218,220,223,225,227,228,230,232,233,234,236,237,238,239,239,239,238,236,233,230,227,224,221,218,217,216,216;
13:31:44,-1,0,255,235,236,237,236,235,232,229,226,222,219,215,212,210,207,206,205,205,205,206,208,210,212,215,218,222,226,229;
13:31:44,-1,0,255,141,135,130,126,123,122,121,122,124,127,131,135,139,142,145,148,149,150,151,152,153,154,155,155,154,152,149;
13:31:44,-1,0,255,206,212,216,219,221,222,220,218,214,209,204,198,193,188,183,180,177,174,173,172,172,174,176,179,183,188,194;
13:31:44,-1,0,210,216,223,231,238,244,249,252,254,255,254,252,248,244,239,233,227,220,213,206,201,196,192,190,190,193,196,202;
13:31:44,-1,0,215,212,220,227,234,241,246,251,253,255,254,251,246,239,230,220,210,200,190,183,177,174,173,174,178,183,189,196;
13:31:44,-1,0,181,187,196,206,216,226,235,242,248,253,255,254,250,244,235,224,212,199,187,175,166,159,154,152,153,157,162,169;
13:31:44,-1,0,255,208,212,214,214,214,215,216,217,219,221,221,218,213,204,193,182,170,160,152,147,145,146,151,159,168,180,191;
13:31:44,-1,0,202,180,185,190,196,203,211,219,227,235,243,249,253,255,253,249,241,231,219,205,193,182,173,167,165,165,167,171;
13:31:44,-1,0,198,210,220,229,237,244,249,253,254,255,253,249,242,234,223,211,200,188,177,167,161,156,155,156,161,168,177,188;
13:31:44,-1,0,235,239,246,251,253,255,254,252,248,243,238,232,225,217,208,200,193,186,180,175,173,172,174,179,187,196,207,218;
13:31:44,-1,0,227,229,236,240,244,246,249,251,253,254,255,253,249,242,232,221,209,197,186,176,170,167,167,170,178,187,198,210;
13:31:44,-1,0,255,154,159,166,173,182,189,196,202,206,209,209,207,202,195,187,177,167,156,147,139,133,129,126,127,129,133,138;
13:31:44,-1,0,205,204,209,215,221,227,232,238,244,249,253,255,254,251,246,240,232,224,215,207,200,194,189,185,184,185,188,192;
13:31:44,-1,0,217,220,226,230,234,238,242,246,250,253,255,254,251,246,237,226,214,202,190,180,173,168,167,169,175,184,193,203;
13:31:44,-1,0,240,239,247,252,254,255,252,248,243,236,229,221,213,204,195,187,180,174,169,165,164,164,167,173,182,193,205,217;
13:31:44,-1,0,253,232,241,247,252,254,255,253,250,246,242,236,230,223,216,208,201,193,186,180,176,173,173,176,182,190,200,211;
13:31:44,-1,0,255,241,244,245,244,242,239,235,232,229,226,223,219,213,205,197,189,182,175,171,169,170,174,180,190,201,213,224;
13:31:44,-1,0,213,216,222,227,231,236,241,245,249,252,254,255,253,249,242,234,224,214,204,195,188,184,182,182,185,190,196,203;
13:31:44,-1,0,255,235,240,245,248,249,248,246,244,240,235,230,224,216,208,199,191,184,177,172,169,168,169,174,182,191,202,213;
13:31:44,-1,0,236,243,248,251,253,254,255,254,252,251,249,247,245,243,240,237,233,228,224,219,215,212,211,212,215,219,225,232;
13:31:44,-1,0,92,70,47,28,18,15,17,22,38,73,123,174,217,245,255,239,209,175,139,105,82,62,44,34,43,64,85,95;
13:31:44,-1,0,99,82,64,50,42,41,43,47,59,90,136,184,224,250,255,236,207,175,143,111,88,64,41,25,29,48,71,88;
13:31:44,-1,0,89,80,71,67,67,66,63,60,62,83,120,163,202,234,255,253,239,217,191,164,142,119,96,77,73,80,90,94;
13:31:44,-1,0,62,50,44,41,41,44,47,52,61,77,99,127,158,190,220,242,253,255,245,228,205,181,158,136,118,103,89,75;
13:31:44,-1,0,95,72,59,51,46,46,49,56,67,86,112,141,172,202,229,247,255,252,242,225,205,185,167,150,139,129,117,103;
13:31:44,-1,0,105,88,76,69,66,66,68,74,83,97,117,140,165,191,218,238,250,255,251,240,224,207,191,174,162,150,136,120;
13:31:44,-1,0,72,57,47,41,39,40,43,50,61,78,99,124,150,178,207,230,246,254,255,246,231,213,192,169,149,130,110,91;
13:31:44,-1,0,71,54,42,35,31,31,35,41,53,71,95,122,152,183,213,236,249,255,251,241,225,207,187,166,147,129,110,90;
13:31:44,-1,0,63,52,46,44,43,43,44,46,52,65,83,107,134,164,196,223,242,253,255,245,229,207,183,158,135,115,97,79;
13:31:44,-1,0,58,47,39,36,34,35,36,40,48,62,82,107,136,167,199,226,245,254,255,245,229,208,185,160,137,117,97,78;
13:31:44,-1,0,65,50,41,36,34,35,38,44,54,71,94,120,148,177,206,230,246,254,255,246,231,212,190,165,143,122,102,82;
13:31:44,-1,0,74,54,43,36,33,33,36,42,52,69,90,113,139,166,194,219,238,250,255,251,241,226,206,182,159,136,113,90;
13:31:44,-1,0,65,52,45,41,40,41,42,46,54,68,87,109,135,163,193,218,238,251,255,249,236,218,196,171,147,124,103,83;
13:31:44,-1,0,71,59,53,50,49,48,48,50,57,70,90,114,142,171,201,226,244,254,255,246,230,209,186,161,139,120,102,85;
13:31:44,-1,0,43,32,27,26,26,27,28,32,39,53,73,97,124,155,188,216,238,251,255,247,230,207,181,151,125,100,78,59;
13:31:44,-1,0,49,35,28,26,26,27,29,34,43,58,79,105,135,166,199,225,245,255,254,244,225,202,176,149,124,102,82,63;
13:31:44,-1,0,52,39,31,27,25,24,25,28,35,49,67,89,114,142,174,203,227,245,255,254,244,227,203,175,147,120,95,71;
13:31:44,-1,0,58,45,37,31,28,25,24,26,33,44,59,78,99,124,154,184,211,233,249,255,250,237,217,189,160,132,104,79;
13:31:44,-1,0,71,55,47,41,36,32,30,30,35,44,58,74,94,118,148,178,205,229,246,255,252,241,222,196,168,140,113,89;
13:31:44,-1,0,78,61,50,42,36,33,32,35,42,53,67,83,102,125,152,179,205,227,245,254,255,247,231,208,182,154,127,101;
13:31:44,-1,0,71,55,44,36,31,27,26,28,35,45,58,73,90,110,137,165,192,217,238,251,255,249,234,210,182,153,123,96;
13:31:44,-1,0,83,65,51,41,33,27,26,28,34,43,55,67,82,101,127,154,181,207,230,247,255,254,244,224,199,170,140,111;
13:31:44,-1,0,90,64,51,40,33,28,27,30,37,46,56,66,78,94,116,142,169,196,222,242,253,255,246,227,201,171,140,110;
13:31:44,-1,0,143,115,96,80,68,60,57,57,61,65,71,77,85,97,115,136,157,180,203,224,241,251,255,249,236,216,192,165;
13:31:44,-1,0,130,103,82,65,52,45,43,45,50,54,59,63,70,80,97,118,140,164,189,214,234,248,255,251,237,216,189,160;
13:31:44,-1,0,131,104,82,65,53,46,45,47,52,56,59,62,67,77,92,111,133,156,181,207,229,246,255,253,241,221,194,163;
13:31:44,-1,0,151,116,92,74,60,52,50,52,55,59,63,67,74,85,101,120,140,161,184,207,228,244,254,255,246,228,204,174;
13:31:44,-1,0,164,134,110,89,73,63,59,58,59,60,61,64,70,80,96,113,132,151,173,197,218,236,249,255,251,238,218,192;
13:31:44,-1,0,173,146,120,99,81,69,62,59,58,58,58,61,66,76,90,107,124,143,164,188,210,230,246,255,254,244,226,202;