15:12:04,4,254,254,254,255,254,254,254,78,78,78,78,78,78,78,15,15,15,15,16,16,16,16,16,16,16,16,16,16;
09:26:36,4,254,254,254,255,254,254,254,98,98,98,98,98,98,98,6,6,6,6,6,6,6,24,24,24,24,24,24,24;
09:26:32,4,254,254,254,255,254,254,254,99,99,99,99,99,99,99,7,7,7,7,7,7,7,23,23,23,23,23,23,23;
09:26:21,1,255,255,255,254,254,254,254,99,99,99,99,99,99,99,7,7,7,7,7,7,7,24,24,24,24,24,24,24;
09:23:03,4,254,254,254,255,254,254,254,99,99,99,99,99,99,99,8,8,8,8,8,8,8,24,24,24,24,24,24,24;
09:22:56,5,254,254,254,254,255,255,255,99,99,99,99,99,99,99,6,6,6,6,6,6,6,24,24,24,24,24,24,24;
10:41:58,4,254,254,254,255,254,254,254,47,47,47,47,47,47,47,26,26,26,26,26,26,26,24,24,24,24,24,24,24;
10:41:56,4,254,254,254,255,254,254,254,49,49,49,49,49,49,49,30,30,30,30,30,30,30,21,21,21,21,21,21,21;
10:41:54,4,254,254,254,255,254,254,254,51,51,51,51,51,51,51,28,28,28,28,28,28,28,25,25,25,25,25,25,25;
10:41:52,4,254,254,254,255,254,254,254,54,54,54,54,54,54,54,24,24,24,25,25,25,25,21,21,21,21,21,21,21;
10:41:50,5,254,254,254,254,255,255,255,48,48,48,48,48,48,48,27,27,27,27,27,27,27,23,23,23,23,23,23,23;
10:41:49,168,164,142,153,142,147,128,146,143,141,136,138,147,148,138,149,142,137,132,132,144,149,141,144,147,147,148,144,136,132,125,130,138,142,139,135,132,139,137,145,142,135,141,133,142,141,135,135,138,137,135,132,125,136,140,141,142,140,139,139,136,136,131,136;
10:41:05,1,255,255,255,254,254,254,254,50,50,50,50,50,50,50,24,24,24,24,24,24,24,25,25,25,25,25,25,25;
10:41:03,4,254,254,254,255,254,254,254,53,53,53,53,53,53,53,30,30,30,30,30,30,30,23,23,23,23,23,23,23;
10:41:01,5,254,254,254,254,255,255,255,51,51,51,51,51,51,51,30,30,30,30,30,30,30,22,22,22,22,22,22,22;
10:40:59,1,255,255,255,254,254,254,254,52,52,52,52,52,52,52,28,28,28,28,28,28,28,21,21,21,21,21,21,21;
10:40:57,5,254,254,254,254,255,255,255,47,47,47,47,47,47,47,23,23,23,23,23,23,23,22,22,22,22,22,22,22;
10:40:55,5,254,254,254,254,255,255,255,50,50,50,50,50,50,50,28,28,28,28,28,28,28,26,26,26,26,26,26,26;
10:40:53,4,254,254,254,255,254,254,254,53,53,53,53,53,53,53,25,25,25,26,26,26,26,16,16,16,16,16,16,16;
10:40:51,5,254,254,254,254,255,255,255,52,52,52,52,52,52,52,30,30,30,30,30,30,30,20,20,20,20,20,20,20;
10:40:49,5,254,254,254,254,255,255,255,51,51,51,51,51,51,51,31,31,31,31,31,31,31,24,24,24,24,24,24,24;
10:40:47,5,254,254,254,254,255,255,255,55,55,55,55,55,55,55,30,30,30,30,30,30,30,24,24,24,24,24,24,24;
10:40:45,4,254,254,254,255,254,254,254,51,51,51,51,51,51,51,28,28,28,29,29,29,29,26,26,26,26,26,26,26;
10:40:43,4,254,254,254,255,254,254,254,50,50,50,50,50,50,50,23,23,23,23,23,23,23,22,22,22,22,22,22,22;
10:40:41,4,254,254,254,255,254,254,254,50,50,50,50,50,50,50,28,28,28,28,28,28,28,21,21,21,21,21,21,21;
10:40:39,4,254,254,254,255,254,254,254,53,53,53,53,53,53,53,27,27,27,27,27,27,27,21,21,21,21,21,21,21;
10:40:37,4,254,254,254,255,254,254,254,51,51,51,51,51,51,51,29,29,29,29,29,29,29,23,23,23,23,23,23,23;
10:40:35,5,254,254,254,254,255,255,255,48,48,48,48,48,48,48,28,28,28,28,28,28,28,21,21,21,21,21,21,21;
10:40:13,5,254,254,254,254,255,255,255,53,53,53,53,53,53,53,28,28,28,28,28,28,28,22,22,22,22,22,22,22;
10:40:11,1,255,255,255,254,254,254,254,51,51,51,51,51,51,51,28,28,28,28,28,28,28,24,24,24,24,24,24,24;
10:40:11,168,164,143,152,139,151,143,140,145,149,138,148,135,149,149,142,140,145,145,141,138,143,143,132,142,146,142,140,141,137,137,146,145,140,137,128,137,143,140,138,135,140,139,135,136,134,136,130,137,143,140,129,135,138,143,141,140,145,144,131,141,138,136,140;
10:00:33,5,254,254,254,254,255,255,255,51,51,51,51,51,51,51,26,26,26,26,26,26,26,24,24,24,24,24,24,24;
10:00:31,1,255,255,255,254,254,254,254,55,55,55,55,55,55,55,28,28,28,28,28,28,28,20,20,20,20,20,20,20;
10:00:29,4,254,254,254,255,254,254,254,54,54,54,54,54,54,54,27,27,27,27,27,27,27,21,21,21,21,21,21,21;
10:00:27,1,255,255,255,254,254,254,254,50,50,50,50,50,50,50,28,28,28,28,28,28,28,22,22,22,22,22,22,22;
10:00:25,5,254,254,254,254,255,255,255,50,50,50,50,50,50,50,35,35,35,35,35,35,35,23,23,23,23,23,23,23;
09:57:30,5,254,254,254,254,255,255,255,66,66,66,66,66,66,66,26,26,26,26,26,26,26,19,19,19,19,19,19,19;
09:57:28,5,254,254,254,254,255,255,255,67,67,67,67,67,67,67,25,25,25,26,25,25,25,17,17,17,17,17,17,17;
09:57:26,4,254,254,254,255,254,254,254,66,66,66,66,66,66,66,25,25,25,25,25,25,25,19,19,19,19,19,19,19;
09:36:21,5,254,254,254,254,255,255,255,55,55,55,55,55,55,55,21,21,21,21,21,21,21,30,30,30,30,30,30,30;
09:36:19,5,254,254,254,254,255,255,255,54,54,54,54,54,54,54,21,21,21,21,21,21,21,29,29,29,29,29,29,29;
09:36:17,5,254,254,254,254,255,255,255,49,49,49,49,49,49,49,22,22,22,22,22,22,22,26,26,26,26,26,26,26;
09:36:15,1,255,255,255,254,254,254,254,55,55,55,55,55,55,55,20,20,20,20,20,20,20,26,26,26,26,26,26,26;
09:35:04,5,254,254,254,254,255,255,255,55,55,55,55,55,55,55,24,24,24,24,24,24,24,25,25,25,25,25,25,25;
09:35:02,4,254,254,254,255,254,254,254,56,56,56,56,56,56,56,18,18,18,19,19,19,19,25,25,25,25,25,25,25;
09:35:00,4,254,254,254,255,254,254,254,55,55,55,55,55,55,55,22,22,22,22,22,22,22,29,29,29,29,29,29,29;
09:34:14,5,254,254,254,254,255,255,255,57,57,57,57,57,57,57,20,20,20,21,20,20,20,26,26,26,26,26,26,26;
09:34:12,4,254,254,254,255,254,254,254,53,53,53,53,53,53,53,21,21,21,21,21,21,21,24,24,24,24,24,24,24;
09:26:27,4,254,254,254,255,254,254,254,80,80,80,80,80,80,80,9,9,9,9,9,9,9,36,36,36,36,36,36,36;
09:26:25,4,254,254,254,255,254,254,254,77,77,77,77,77,77,77,9,9,9,9,9,9,9,33,33,33,33,33,33,33;
09:23:27,4,254,254,254,255,254,254,254,78,78,78,78,78,78,78,10,10,10,10,10,10,10,34,34,34,34,34,34,34;
09:23:25,1,255,255,255,254,254,254,254,79,79,79,79,79,79,79,8,8,8,8,8,8,8,34,34,34,34,34,34,34;
09:23:23,4,254,254,254,255,254,254,254,79,79,79,79,79,79,79,7,7,7,8,7,7,7,34,34,34,34,34,34,34;
09:22:14,1,255,255,255,254,254,254,254,77,77,77,77,77,77,77,9,9,9,9,9,9,9,34,34,34,34,34,34,34;
09:22:12,5,254,254,254,254,255,255,255,79,79,79,79,79,79,79,8,8,8,8,9,9,9,39,39,39,39,39,39,39;
09:22:10,5,254,254,254,254,255,255,255,79,79,79,79,79,79,79,11,11,11,11,10,10,10,33,33,33,33,33,33,33;
09:22:08,4,254,254,254,255,254,254,254,79,79,79,79,79,79,79,10,10,10,11,10,10,10,34,34,34,34,34,34,34;
08:51:47,4,254,254,254,255,254,254,254,62,62,62,62,62,62,62,22,22,22,23,23,23,23,19,19,19,19,19,19,19;
08:51:45,4,254,254,254,255,254,254,254,61,61,61,60,60,60,60,24,24,24,24,24,24,24,21,21,21,21,21,21,21;
08:51:43,5,254,254,254,254,255,255,255,59,59,59,59,59,59,59,27,27,27,27,27,27,27,17,17,17,17,17,17,17;
08:51:41,4,254,254,254,255,254,254,254,61,61,61,61,61,61,61,28,28,28,28,28,28,28,18,18,18,18,17,17,17;
08:36:14,5,254,254,254,254,255,255,255,56,56,56,56,56,56,56,24,24,24,25,25,25,25,20,20,20,20,20,20,20;
08:36:12,4,254,254,254,255,254,254,254,66,66,66,66,66,66,66,26,26,26,26,26,26,26,21,21,21,21,21,21,21;
08:36:10,4,254,254,254,255,254,254,254,59,59,59,59,59,59,59,21,21,21,22,21,21,21,21,21,21,21,21,21,21;
08:36:08,4,254,254,254,255,254,254,254,59,59,59,59,59,59,59,28,28,28,29,28,28,28,18,18,18,18,18,18,18;
08:36:06,4,254,254,254,255,254,254,254,65,65,65,65,65,65,65,24,24,24,24,24,24,24,20,20,20,20,20,20,20;
08:36:04,5,254,254,254,254,255,255,255,63,63,63,63,63,63,63,23,23,23,23,24,24,24,21,21,21,21,21,21,21;
08:36:02,4,254,254,254,255,254,254,254,60,60,60,60,60,60,60,25,25,25,25,25,25,25,21,21,21,21,21,21,21;
08:36:00,5,254,254,254,254,255,255,255,63,63,63,63,63,63,63,29,29,29,29,29,29,29,18,18,18,18,18,18,18;
08:35:58,1,255,255,255,254,254,254,254,55,55,55,54,54,54,54,24,24,24,24,24,24,24,18,18,18,18,18,18,18;
08:35:56,5,254,254,254,254,255,255,255,61,61,61,61,61,61,61,25,25,25,25,25,25,25,18,18,18,17,17,17,17;
08:35:54,1,255,255,255,254,254,254,254,61,61,61,61,61,61,61,25,25,25,25,25,25,25,19,19,19,19,19,19,19;
08:35:52,4,254,254,254,255,254,254,254,61,61,61,61,61,61,61,26,26,26,26,26,26,26,18,18,18,18,18,18,18;
14:06:39,1,255,255,255,254,254,254,254,79,79,79,79,79,79,79,13,13,13,13,13,13,13,21,21,21,21,21,21,21;
14:06:37,4,254,254,254,255,254,254,254,77,77,77,77,77,77,77,15,15,15,15,15,15,15,23,23,23,23,23,23,23;
14:06:35,5,254,254,254,254,255,255,255,82,82,82,82,82,82,82,13,13,13,13,13,13,13,23,23,23,23,23,23,23;
14:06:33,4,254,254,254,255,254,254,254,81,81,81,81,81,81,81,13,13,13,14,13,13,13,21,21,21,21,21,21,21;
14:06:31,4,254,254,254,255,254,254,254,79,79,79,79,79,79,79,13,13,13,13,13,13,13,23,23,23,23,23,23,23;
14:06:29,5,254,254,254,254,255,255,255,84,84,84,84,84,84,84,13,13,13,13,13,13,13,21,21,21,21,21,21,21;
14:06:27,4,254,254,254,255,254,254,254,83,83,83,83,83,83,83,13,13,13,13,13,13,13,19,19,19,19,19,19,19;
14:06:25,5,254,254,254,254,255,255,255,76,76,76,76,76,76,76,14,14,14,14,14,14,14,22,22,22,22,22,22,22;
14:06:23,4,254,254,254,255,254,254,254,77,77,77,77,77,77,77,10,10,10,10,10,10,10,24,24,24,24,24,24,24;
14:06:21,1,255,255,255,254,254,254,254,79,79,79,79,79,79,79,14,14,14,14,14,14,14,25,25,25,25,25,25,25;
14:06:19,4,254,254,254,255,254,254,254,80,80,80,80,80,80,80,14,14,14,14,14,14,14,21,21,21,21,21,21,21;
14:06:17,4,254,254,254,255,254,254,254,78,78,78,78,78,78,78,13,13,13,13,13,13,13,23,23,23,23,23,23,23;
14:06:15,4,254,254,254,255,254,254,254,81,81,81,81,81,81,81,12,12,12,12,12,12,12,24,24,24,24,24,24,24;
14:06:13,4,254,254,254,255,254,254,254,78,78,78,78,78,78,78,12,12,12,12,12,12,12,21,21,21,21,21,21,21;
14:06:11,5,254,254,254,254,255,255,255,84,84,84,84,84,84,84,16,16,16,16,16,16,16,22,22,22,22,22,22,22;
14:06:09,4,254,254,254,255,254,254,254,78,78,78,78,78,78,78,17,17,17,17,17,17,17,21,21,21,21,21,21,21;
14:06:07,4,254,254,254,255,254,254,254,77,77,77,77,77,77,77,14,14,14,15,14,14,14,24,24,24,24,24,24,24;
14:06:05,5,254,254,254,254,255,255,255,79,79,79,79,79,79,79,12,12,12,12,12,12,12,22,22,22,22,22,22,22;
14:06:03,4,254,254,254,255,254,254,254,70,70,70,70,70,70,70,13,13,13,13,13,13,13,22,22,22,22,22,22,22;
14:06:01,1,255,255,255,254,254,254,254,79,79,79,79,79,79,79,14,14,14,14,14,14,14,22,22,22,22,22,22,22;
14:05:59,4,254,254,254,255,254,254,254,80,80,80,80,80,80,80,16,16,16,16,16,16,16,20,20,20,20,20,20,20;
14:05:57,4,254,254,254,255,254,254,254,77,77,77,77,77,77,77,15,15,15,15,15,15,15,22,22,22,22,22,22,22;
14:05:55,1,255,255,255,254,254,254,254,79,79,79,79,79,79,79,14,14,14,14,14,14,14,24,24,24,24,24,24,24;
14:05:53,5,254,254,254,254,255,255,255,75,75,75,75,75,75,75,15,15,15,15,15,15,15,22,22,22,22,22,22,22;
14:05:51,5,254,254,254,254,255,255,255,79,79,79,79,79,79,79,14,14,14,14,14,14,14,21,21,21,21,21,21,21;
14:05:49,5,254,254,254,254,255,255,255,83,83,83,83,83,83,83,16,16,16,16,16,16,16,22,22,22,22,22,22,22;
14:05:47,5,254,254,254,254,255,255,255,78,78,78,78,78,78,78,16,16,16,17,17,17,17,23,23,23,23,23,23,23;
14:05:45,4,254,254,254,255,254,254,254,78,78,78,78,78,78,78,12,12,12,12,12,12,12,21,21,21,21,21,21,21;
14:05:43,4,254,254,254,255,254,254,254,78,78,78,78,78,78,78,15,15,15,15,15,15,15,23,23,23,23,23,23,23;
14:05:41,5,254,254,254,254,255,255,255,77,77,77,77,77,77,77,14,14,14,14,14,14,14,20,20,20,20,20,20,20;
14:05:39,1,255,255,255,254,254,254,254,79,79,79,79,79,79,79,13,13,13,13,13,13,13,23,23,23,23,23,23,23;
14:05:37,4,254,254,254,255,254,254,254,76,76,76,76,76,76,76,12,12,12,13,12,12,12,26,26,26,25,25,25,25;
14:05:35,4,254,254,254,255,254,254,254,85,85,85,85,85,85,85,15,15,15,15,15,15,15,22,22,22,22,22,22,22;
14:05:33,4,254,254,254,255,254,254,254,79,79,79,79,79,79,79,15,15,15,15,15,15,15,21,21,21,21,21,21,21;
14:05:31,1,255,255,255,254,254,254,254,78,78,78,78,78,78,78,14,14,14,14,14,14,14,22,22,22,22,22,22,22;
14:05:29,4,254,254,254,255,254,254,254,81,81,81,81,81,81,81,12,12,12,12,12,12,12,24,24,24,24,24,24,24;
14:05:27,5,254,254,254,254,255,255,255,82,82,82,82,82,82,82,14,14,14,15,14,14,14,22,22,22,22,22,22,22;
14:05:25,5,254,254,254,254,255,255,255,78,78,78,78,78,78,78,14,14,14,15,14,14,14,23,23,23,23,23,23,23;
14:05:23,1,255,255,255,254,254,254,254,76,76,76,76,76,76,76,11,11,11,11,11,11,11,23,23,23,23,23,23,23;
14:05:21,4,254,254,254,255,254,254,254,79,79,79,79,79,79,79,13,13,13,13,13,13,13,19,19,19,19,19,19,19;
14:05:19,5,254,254,254,254,255,255,255,78,78,78,78,78,78,78,13,13,13,13,13,13,13,20,20,20,20,20,20,20;
14:05:17,4,254,254,254,255,254,254,254,78,78,78,78,78,78,78,13,13,13,13,13,13,13,22,22,22,22,22,22,22;
14:05:15,4,254,254,254,255,254,254,254,79,79,79,79,79,79,79,12,12,12,12,12,12,12,22,22,22,22,22,22,22;
14:05:13,5,254,254,254,254,255,255,255,77,77,77,77,77,77,77,16,16,16,16,16,16,16,22,22,22,22,22,22,22;
14:05:11,4,254,254,254,255,254,254,254,80,80,80,80,80,80,80,13,13,13,13,13,13,13,24,24,24,24,24,24,24;
14:05:09,4,254,254,254,255,254,254,254,79,79,79,79,79,79,79,13,13,13,13,13,13,13,21,21,21,21,21,21,21;
13:59:39,4,254,254,254,255,254,254,254,77,77,77,77,77,77,77,11,11,11,11,11,11,11,21,21,21,21,21,21,21;
13:59:37,4,254,254,254,255,254,254,254,78,78,78,78,78,78,78,17,17,17,17,17,17,17,21,21,21,21,21,21,21;
13:59:35,4,254,254,254,255,254,254,254,77,77,77,77,77,77,77,16,16,16,16,16,16,16,23,23,23,23,23,23,23;
13:59:33,5,254,254,254,254,255,255,255,78,78,78,78,78,78,78,15,15,15,15,14,14,14,22,22,22,22,22,22,22;
13:59:31,4,254,254,254,255,254,254,254,73,73,73,73,73,73,73,15,15,15,15,15,15,15,22,22,22,22,22,22,22;
13:59:29,4,254,254,254,255,254,254,254,78,78,78,78,78,78,78,14,14,14,14,14,14,14,22,22,22,22,22,22,22;
13:59:27,5,254,254,254,254,255,255,255,83,83,83,83,83,83,83,13,13,13,13,13,13,13,22,22,22,22,22,22,22;
13:59:25,4,254,254,254,255,254,254,254,80,80,80,80,80,80,80,13,13,13,14,14,14,14,23,23,23,23,23,23,23;
13:59:23,1,255,255,255,254,254,254,254,76,76,76,76,76,76,76,13,13,13,13,13,13,13,22,22,22,22,21,21,21;
13:59:21,5,254,254,254,254,255,255,255,78,78,78,78,78,78,78,11,11,11,11,11,11,11,23,23,23,23,23,23,23;
13:59:19,4,254,254,254,255,254,254,254,81,81,81,81,81,81,81,13,13,13,13,13,13,13,24,24,24,23,23,23,23;
13:59:17,4,254,254,254,255,254,254,254,79,79,79,79,79,79,79,16,16,16,16,16,16,16,23,23,23,23,23,23,23;
13:59:15,4,254,254,254,255,254,254,254,79,79,79,79,79,79,79,13,13,13,13,13,13,13,26,26,26,25,25,25,25;
13:59:13,4,254,254,254,255,254,254,254,78,78,78,78,78,78,78,17,17,17,17,17,17,17,24,24,24,24,24,24,24;
13:59:11,4,254,254,254,255,254,254,254,77,77,77,77,77,77,77,13,13,13,13,13,13,13,23,23,23,23,23,23,23;
13:59:09,4,254,254,254,255,254,254,254,76,76,76,76,76,76,76,17,17,17,17,17,17,17,21,21,21,21,20,20,20;
13:59:07,1,255,255,255,254,254,254,254,79,79,79,79,79,79,79,13,13,13,13,13,13,13,25,25,25,25,25,25,25;
13:59:05,1,255,255,255,254,254,254,254,80,80,80,80,80,80,80,14,14,14,14,14,14,14,22,22,22,22,22,22,22;
13:59:03,1,255,255,255,254,254,254,254,78,78,78,78,78,78,78,12,12,12,12,12,12,12,22,22,22,22,22,22,22;
13:59:01,4,254,254,254,255,254,254,254,78,78,78,78,78,78,78,16,16,16,16,16,16,16,24,24,24,24,24,24,24;
13:58:59,5,254,254,254,254,255,255,255,81,81,81,81,81,81,81,13,13,13,13,12,12,12,21,21,21,21,21,21,21;
13:58:57,5,254,254,254,254,255,255,255,82,82,82,82,82,82,82,15,15,15,15,15,15,15,24,24,24,24,24,24,24;
13:58:55,4,254,254,254,255,254,254,254,82,82,82,82,82,82,82,13,13,13,13,13,13,13,23,23,23,23,23,23,23;
13:58:53,4,254,254,254,255,254,254,254,82,82,82,82,82,82,82,16,16,16,16,16,16,16,21,21,21,21,21,21,21;
13:58:51,5,254,254,254,254,255,255,255,76,76,76,76,76,76,76,12,12,12,12,12,12,12,22,22,22,22,22,22,22;
13:58:49,4,254,254,254,255,254,254,254,76,76,76,76,76,76,76,17,17,17,17,17,17,17,21,21,21,21,21,21,21;
13:58:47,4,254,254,254,255,254,254,254,79,79,79,79,79,79,79,14,14,14,14,14,14,14,21,21,21,21,21,21,21;
13:58:45,4,254,254,254,255,254,254,254,80,80,80,80,80,80,80,14,14,14,14,14,14,14,21,21,21,21,21,21,21;
13:58:43,1,255,255,255,254,254,254,254,78,78,78,78,78,78,78,14,14,14,14,14,14,14,19,19,19,19,19,19,19;
13:58:41,4,254,254,254,255,254,254,254,79,79,79,79,79,79,79,14,14,14,14,14,14,14,22,22,22,22,22,22,22;
13:58:39,5,254,254,254,254,255,255,255,81,81,81,81,81,81,81,15,15,15,15,15,15,15,21,21,21,21,21,21,21;
13:58:37,4,254,254,254,255,254,254,254,77,77,77,77,77,77,77,13,13,13,13,13,13,13,26,26,26,26,26,26,26;
13:58:35,5,254,254,254,254,255,255,255,78,78,78,78,78,78,78,14,14,14,14,14,14,14,23,23,23,22,22,22,22;
13:58:33,1,255,255,255,254,254,254,254,77,77,77,77,77,77,77,15,15,15,15,15,15,15,20,20,20,20,20,20,20;
13:58:31,4,254,254,254,255,254,254,254,79,79,79,79,79,79,79,13,13,13,14,14,14,14,22,22,22,22,22,22,22;
13:51:04,230,213,164,86,24,13,62,148,218,249,255;
13:51:03,231,214,166,88,25,14,62,148,217,248,255;
13:51:02,230,212,164,86,25,14,62,148,217,248,255;
13:51:01,230,213,164,87,26,16,64,150,219,249,255;
13:51:00,231,214,166,88,27,17,64,149,217,248,255;
13:50:59,231,214,166,89,27,17,64,148,217,248,255;
13:50:58,231,214,165,88,28,18,65,149,218,249,255;
13:50:57,245,231,192,130,81,72,108,173,227,250,255;
13:50:56,255,254,253,252,250,248,246,245,244,243,243;
13:50:55,255,254,252,249,247,245,243,242,240,240,239;
13:50:54,229,212,163,85,24,14,62,148,218,249,255;
13:50:53,229,211,162,84,23,13,62,148,218,249,255;
13:50:52,230,212,163,85,24,14,62,148,218,249,255;
13:50:51,229,212,163,85,24,13,62,149,218,249,255;
13:50:50,229,211,163,86,25,15,63,150,219,249,255;
13:50:49,231,213,164,86,24,14,62,148,217,248,255;
13:50:48,231,214,165,87,25,14,63,149,218,249,255;
13:50:47,230,212,164,86,25,15,63,149,218,249,255;
13:50:46,229,211,163,85,25,15,63,149,219,249,255;
13:50:45,229,212,163,86,26,16,64,150,219,249,255;
13:50:44,230,213,166,89,28,18,66,151,219,249,255;
13:50:43,232,215,168,92,31,18,63,148,218,249,255;
13:50:42,244,228,182,105,44,35,85,169,232,254,255;
13:50:41,255,254,254,254,253,253,253,253,253,254,254;
13:50:40,249,235,185,97,25,19,85,183,244,255,245;
13:50:39,230,213,164,86,24,15,64,150,219,249,255;
13:50:38,229,211,163,86,26,17,65,152,220,249,255;
13:50:37,229,211,164,90,29,15,59,146,217,249,255;
13:50:36,228,211,163,87,26,14,60,147,217,249,255;
13:50:35,231,214,167,92,30,16,60,146,217,248,255;
13:50:34,231,214,167,90,29,16,62,149,219,249,255;
13:50:33,229,211,162,85,23,14,63,150,219,249,255;
13:50:32,229,211,163,87,26,14,62,148,218,249,255;
13:50:31,230,212,164,89,28,17,63,149,219,249,255;
13:50:30,228,211,162,85,26,16,65,151,220,249,255;
13:50:29,229,211,162,85,25,15,63,149,218,249,255;
13:50:28,230,213,165,88,29,19,66,151,219,249,255;
13:50:27,249,237,205,154,115,108,136,188,231,251,255;
13:50:26,255,254,254,254,254,254,254,254,254,254,254;
13:50:25,249,234,184,94,21,15,83,183,245,255,245;
13:50:24,230,213,166,90,30,18,63,149,219,249,255;
13:50:23,230,212,165,90,30,17,61,147,218,249,255;
13:50:22,229,211,162,85,25,16,65,151,220,249,255;
13:50:21,229,212,163,86,25,15,64,151,219,249,255;
13:50:20,229,211,163,86,27,17,65,151,220,249,255;
13:50:19,230,213,164,87,26,17,65,150,218,249,255;
13:50:18,230,212,164,86,26,16,64,149,218,249,255;
